Testing: [2.]
Testing: [12. 21.]
Testing: [ 26.  34.  37.  43.  62.  73. 126. 134. 137. 143. 162. 173. 216. 223.
 232. 261. 314. 317. 322. 341. 371. 413. 431. 612. 621. 713. 731.]
Testing: [ 279.  297.  299.  367.  369.  376.  389.  396.  398.  469.  496.  637.
  639.  649.  666.  673.  693.  694.  729.  736.  763.  792.  839.  893.
  927.  929.  936.  938.  946.  963.  964.  972.  983.  992. 1279. 1297.
 1299. 1367. 1369. 1376. 1389. 1396. 1398. 1469. 1496. 1637. 1639. 1649.
 1666. 1673. 1693. 1694. 1729. 1736. 1763. 1792. 1839. 1893. 1927. 1929.
 1936. 1938. 1946. 1963. 1964. 1972. 1983. 1992. 2179. 2197. 2199. 2269.
 2296. 2337. 2339. 2349. 2366. 2373. 2393. 2394. 2439. 2493. 2629. 2636.
 2663. 2692. 2719. 2733. 2791. 2917. 2919. 2926. 2933. 2934. 2943. 2962.
 2971. 2991. 3167. 3169. 3176. 3189. 3196. 3198. 3237. 3239. 3249. 3266.
 3273. 3293. 3294. 3327. 3329. 3336. 3338. 3346. 3363. 3364. 3372. 3383.
 3392. 3429. 3436. 3463. 3492. 3617. 3619. 3626. 3633. 3634. 3643. 3662.
 3671. 3691. 3716. 3723. 3732. 3761. 3819. 3833. 3891. 3916. 3918. 3923.
 3924. 3932. 3942. 3961. 3981. 4169. 4196. 4239. 4293. 4329. 4336. 4363.
 4392. 4619. 4633. 4691. 4916. 4923. 4932. 4961. 6137. 6139. 6149. 6166.
 6173. 6193. 6194. 6229. 6236. 6263. 6292. 6317. 6319. 6326. 6333. 6334.
 6343. 6362. 6371. 6391. 6419. 6433. 6491. 6616. 6623. 6632. 6661. 6713.
 6731. 6913. 6914. 6922. 6931. 6941. 7129. 7136. 7163. 7192. 7219. 7233.
 7291. 7316. 7323. 7332. 7361. 7613. 7631. 7912. 7921. 8139. 8193. 8319.
 8333. 8391. 8913. 8931. 9127. 9129. 9136. 9138. 9146. 9163. 9164. 9172.
 9183. 9192. 9217. 9219. 9226. 9233. 9234. 9243. 9262. 9271. 9291. 9316.
 9318. 9323. 9324. 9332. 9342. 9361. 9381. 9416. 9423. 9432. 9461. 9613.
 9614. 9622. 9631. 9641. 9712. 9721. 9813. 9831. 9912. 9921.]
Testing: [  999.  1999.  2699.  2969.  2996.  3399.  3499.  3669.  3696.  3939.
  3949.  3966.  3993.  3994.  4399.  4788.  4878.  4887.  4939.  4993.
  6299.  6369.  6396.  6639.  6693.  6929.  6936.  6963.  6992.  7488.
  7848.  7884.  8478.  8487.  8748.  8784.  8847.  8874.  9199.  9269.
  9296.  9339.  9349.  9366.  9393.  9394.  9439.  9493.  9629.  9636.
  9663.  9692.  9919.  9926.  9933.  9934.  9943.  9962.  9991. 14788.
 14878. 14887. 17488. 17848. 17884. 18478. 18487. 18748. 18784. 18847.
 18874. 22788. 22878. 22887. 24478. 24487. 24748. 24784. 24847. 24874.
 27288. 27448. 27484. 27828. 27844. 27882. 28278. 28287. 28447. 28474.
 28728. 28744. 28782. 28827. 28872. 41788. 41878. 41887. 42478. 42487.
 42748. 42784. 42847. 42874. 44278. 44287. 44447. 44474. 44728. 44744.
 44782. 44827. 44872. 47188. 47248. 47284. 47428. 47444. 47482. 47818.
 47824. 47842. 47881. 48178. 48187. 48247. 48274. 48427. 48472. 48718.
 48724. 48742. 48781. 48817. 48871. 71488. 71848. 71884. 72288. 72448.
 72484. 72828. 72844. 72882. 74188. 74248. 74284. 74428. 74444. 74482.
 74818. 74824. 74842. 74881. 78148. 78184. 78228. 78244. 78282. 78418.
 78424. 78442. 78481. 78814. 78822. 78841. 81478. 81487. 81748. 81784.
 81847. 81874. 82278. 82287. 82447. 82474. 82728. 82744. 82782. 82827.
 82872. 84178. 84187. 84247. 84274. 84427. 84472. 84718. 84724. 84742.
 84781. 84817. 84871. 87148. 87184. 87228. 87244. 87282. 87418. 87424.
 87442. 87481. 87814. 87822. 87841. 88147. 88174. 88227. 88272. 88417.
 88471. 88714. 88722. 88741.]
